"id_nacionalidade","nome_nacionalidade"
"1","Brasileira"
